#fractals last session config
#Wed May 13 16:36:28 CEST 2015
width=1936
colorizer=10
fractalz=0.0019117647058823528
y=-8
fractaly=-0.47000000000000003
fractalx=-1.69
fractal=6
x=-8
height=1176
